144 10
 9 11 8 9 14 14 15 11 11 6
 29 31 28 29 34 34 35 31 31 26
 29 32 29 29 34 34 35 31 31 26
 29 32 28 29 34 34 35 31 31 26
 28 31 28 29 34 34 35 31 31 26
 29 31 29 29 34 34 35 31 31 26
 29 31 28 29 34 34 35 31 31 26
 29 31 29 29 35 34 35 31 31 26
 29 32 29 29 34 34 35 31 31 26
 29 32 32 32 34 35 35 31 31 26
 29 31 34 35 34 37 38 34 34 26
 11 11 17 18 17 20 21 17 17 8
 29 29 28 26 32 32 32 29 29 26
 26 29 26 26 31 31 32 28 28 23
 5 8 5 6 11 11 12 8 8 3
 26 29 25 26 31 31 32 28 28 23
 26 29 26 26 31 31 32 28 28 23
 26 29 25 26 31 31 32 28 28 23
 6 8 6 6 11 11 12 8 8 3
 26 28 25 26 31 31 32 28 28 23
 6 8 8 9 11 11 12 8 8 3
 6 9 11 12 12 14 15 11 11 3
 29 29 34 35 34 37 38 34 34 26
 32 32 37 38 37 40 41 37 37 29
 28 28 28 22 28 28 31 28 25 25
 6 6 6 3 8 8 9 5 5 3
 2 5 2 3 8 9 9 6 5 0
 23 25 23 23 28 28 29 25 25 20
 23 26 23 23 28 28 29 25 25 20
 23 26 23 23 29 28 29 26 25 20
 2 5 2 2 8 8 9 5 5 0
 3 5 6 6 9 8 9 5 5 0
 23 26 29 29 29 32 32 29 28 20
 6 6 11 12 11 14 15 11 11 3
 29 29 34 35 34 37 38 34 34 26
 32 31 37 38 37 40 41 37 37 29
 29 28 29 23 26 26 32 28 23 26
 26 26 25 20 25 25 29 25 22 23
 23 23 23 20 25 26 26 23 22 20
 20 23 19 20 26 25 26 22 22 17
 0 3 0 0 6 5 6 2 2 -2
 0 2 0 0 5 5 6 2 2 -3
 20 22 22 23 25 25 26 22 22 17
 19 22 25 26 25 28 29 25 25 17
 23 23 28 29 28 31 32 28 28 20
 5 5 11 12 11 14 15 11 11 3
 29 29 34 35 34 37 38 34 34 26
 31 31 37 37 37 40 40 37 37 28
 29 29 28 23 23 25 32 28 22 26
 26 26 25 20 22 23 29 26 20 23
 23 22 22 17 22 23 26 23 20 20
 19 19 19 17 22 22 23 19 18 16
 17 19 16 17 23 23 23 20 20 14
 17 20 20 20 22 22 23 19 19 14
 17 19 22 23 22 25 26 22 22 14
 20 20 25 26 26 29 29 25 25 17
 23 23 29 29 29 31 32 28 28 20
 26 26 31 32 31 34 35 31 31 23
 9 8 14 15 14 17 18 14 14 6
 32 32 37 38 37 40 41 37 37 29
 29 28 28 23 23 25 32 28 22 26
 5 5 5 0 0 3 9 6 0 3
 3 3 2 -2 0 0 6 3 -2 0
 0 0 0 -6 0 0 3 0 -3 -2
 -2 -3 0 -2 0 0 0 -3 -3 -5
 13 16 19 20 20 23 23 20 19 11
 16 16 22 22 22 25 26 22 22 13
 20 19 26 26 25 28 29 25 25 17
 23 23 28 29 29 31 32 28 28 20
 26 25 31 32 31 34 35 31 31 23
 29 29 34 35 34 37 38 34 34 26
 12 11 17 18 17 20 21 17 17 9
 9 8 8 2 2 6 12 8 3 6
 26 25 25 20 19 22 29 25 19 23
 23 23 22 17 16 20 26 22 17 20
 20 19 23 17 17 16 23 19 13 17
 -2 -2 2 -2 -2 0 3 0 -3 -5
 16 13 22 20 20 22 23 19 19 14
 17 17 22 23 22 25 26 23 22 14
 0 0 5 6 5 8 9 5 5 -2
 23 23 29 29 29 31 32 28 28 20
 5 5 11 12 11 14 15 11 11 3
 29 29 34 35 34 37 38 34 34 26
 11 11 17 18 17 20 21 17 17 9
 29 29 28 23 23 25 32 28 22 26
 6 5 6 0 0 3 9 5 0 3
 23 23 26 20 17 20 26 23 17 21
 0 0 5 0 -6 0 6 2 -3 -2
 20 17 25 20 16 20 26 23 17 17
 0 -2 6 0 0 3 6 2 0 -2
 20 17 25 23 23 26 27 23 23 17
 20 20 25 26 25 28 29 25 25 17
 23 22 28 29 28 31 32 28 28 20
 26 26 31 32 31 34 35 31 31 23
 29 29 34 35 34 37 38 34 34 26
 32 31 37 38 37 40 41 37 37 29
 29 29 28 23 22 25 32 28 22 26
 6 5 8 3 0 2 9 5 0 3
 2 2 8 3 -2 2 9 5 0 0
 23 20 28 23 17 23 29 26 20 21
 3 0 8 2 -2 2 9 5 0 0
 3 0 9 3 0 2 9 5 0 0
 23 20 28 23 22 25 29 25 22 20
 23 20 29 26 26 28 29 25 25 20
 22 22 28 28 28 31 31 28 28 19
 26 25 32 32 31 34 35 31 31 23
 9 9 14 15 14 17 18 14 14 6
 31 31 37 37 37 40 40 37 36 28
 29 29 32 26 22 25 32 28 22 26
 26 26 32 26 19 26 32 28 22 23
 5 2 11 6 0 5 12 8 2 2
 5 3 11 6 0 5 12 8 2 2
 26 22 31 26 19 26 32 28 23 23
 25 22 31 26 20 25 32 28 22 23
 26 22 31 26 22 25 32 28 22 23
 6 3 11 5 5 8 12 8 5 3
 26 23 31 29 29 31 32 28 28 23
 26 26 32 32 32 34 35 31 31 23
 29 29 34 35 34 37 38 34 34 26
 31 31 37 37 37 40 40 37 36 28
 29 29 34 29 23 28 35 31 25 26
 29 25 34 29 23 29 35 31 26 26
 28 25 34 28 22 28 34 30 24 25
 29 26 34 29 22 29 35 31 25 26
 29 26 34 29 22 28 35 31 25 26
 28 25 34 28 22 28 34 31 25 25
 28 25 34 28 22 28 34 31 25 25
 29 26 34 29 26 29 35 31 26 26
 29 26 34 29 28 32 35 31 29 26
 8 5 14 12 11 14 15 11 11 6
 29 29 34 35 34 37 38 34 34 26
 32 31 37 38 37 40 41 37 37 29
 11 8 17 12 6 11 18 14 8 9
 32 29 37 32 25 31 38 34 28 29
 32 29 38 32 25 32 38 35 29 29
 32 29 38 32 25 31 38 34 28 29
 32 29 37 32 25 31 38 34 28 29
 32 28 37 32 25 31 38 34 28 29
 12 8 17 12 5 11 18 14 8 9
 32 29 38 32 26 31 38 34 28 29
 12 8 17 12 9 12 18 14 8 9
 32 29 37 32 32 34 38 34 31 29
 11 8 17 15 14 17 18 14 14 8
 32 32 38 38 37 40 41 37 37 29
 1 1 1 1 1 1 1 1 1 1
 1 1 1 1 1 1 1 1 1 1
 1 1 1 1 1 1 1 1 1 1
 1 1 1 1 1 1 1 1 1 1
 1 1 1 1 1 1 1 1 1 1
 1 1 1 1 1 1 1 1 1 1
 1 1 1 1 1 1 1 1 1 1
 1 1 1 1 1 1 1 1 1 1
 1 1 1 1 1 1 1 1 1 1
 1 1 1 1 1 1 1 1 1 1
 1 1 1 1 1 1 1 1 1 1
 1 1 1 1 1 1 1 1 1 1
 1 1 1 1 1 1 1 1 1 1
 1 1 1 1 1 1 1 1 1 1
 1 1 1 1 1 1 1 1 1 1
 1 1 1 1 1 1 1 1 1 1
 1 1 1 1 1 1 1 1 1 1
 1 1 1 1 1 1 1 1 1 1
 1 1 1 1 1 1 1 1 1 1
 1 1 1 1 1 1 1 1 1 1
 1 1 1 1 1 1 1 1 1 1
 1 1 1 1 1 1 1 1 1 1
 1 1 1 1 1 1 1 1 1 1
 1 1 1 1 1 1 1 1 1 1
 1 1 1 1 1 1 1 1 1 1
 1 1 1 1 1 1 1 1 1 1
 1 1 1 1 1 1 1 1 1 1
 1 1 1 1 1 1 1 1 1 1
 1 1 1 1 1 1 1 1 1 1
 1 1 1 1 1 1 1 1 1 1
 1 1 1 1 1 1 1 1 1 1
 1 1 1 1 1 1 1 1 1 1
 1 1 1 1 1 1 1 1 1 1
 1 1 1 1 1 1 1 1 1 1
 1 1 1 1 1 1 1 1 1 1
 1 1 1 1 1 1 1 1 1 1
 1 1 1 1 1 1 1 1 1 1
 1 1 1 1 1 1 1 1 1 1
 1 1 1 1 1 1 1 1 1 1
 1 1 1 1 1 1 1 1 1 1
 1 1 1 1 1 1 1 1 1 1
 1 1 1 1 1 1 1 1 1 2
 1 1 1 1 1 1 1 1 1 1
 1 1 1 1 1 1 1 1 1 1
 1 1 1 1 1 1 1 1 1 1
 1 1 1 1 1 1 1 1 1 1
 1 1 1 1 1 1 1 1 1 1
 1 1 1 1 1 1 1 1 1 1
 1 1 1 1 1 1 1 1 1 1
 1 1 1 1 1 1 1 1 1 1
 1 1 1 1 1 1 1 1 1 1
 1 1 1 1 1 1 1 1 1 1
 1 1 1 1 1 1 1 1 1 1
 1 1 1 1 1 1 1 1 1 1
 1 1 1 1 1 1 1 1 1 1
 1 1 1 1 1 1 1 1 1 1
 1 1 1 1 1 1 1 1 1 1
 1 1 1 1 1 1 1 1 1 1
 1 1 1 1 1 1 1 1 1 1
 1 1 1 1 1 1 1 1 1 1
 1 1 1 1 1 1 1 1 1 1
 1 1 1 1 1 1 1 1 1 1
 1 1 1 1 1 1 1 1 1 1
 1 1 1 2 1 1 1 1 2 1
 1 2 1 1 1 1 1 2 2 2
 1 1 1 1 1 1 1 1 1 1
 1 1 1 1 1 1 1 1 1 1
 1 1 1 1 1 1 1 1 1 1
 1 1 1 1 1 1 1 1 1 1
 1 1 1 1 1 1 1 1 1 1
 1 1 1 1 1 1 1 1 1 1
 1 1 1 1 1 1 1 1 1 1
 1 1 1 1 1 1 1 1 1 1
 1 1 1 1 1 1 1 1 1 1
 1 1 1 1 1 1 1 1 1 1
 1 1 1 1 1 1 1 1 1 1
 1 1 1 1 1 1 1 1 2 2
 1 1 1 1 1 1 1 1 1 1
 1 1 1 1 1 1 1 1 1 1
 1 1 1 1 1 1 1 1 1 1
 1 1 1 1 1 1 1 1 1 1
 1 1 1 1 1 1 1 1 1 1
 1 1 1 1 1 1 1 1 1 1
 1 1 1 1 1 1 1 1 1 1
 1 1 1 1 1 1 1 1 1 1
 1 1 1 1 1 1 1 1 1 1
 1 1 1 1 1 1 1 1 1 1
 1 1 1 1 2 1 1 1 2 1
 1 1 1 1 1 1 1 1 1 1
 1 1 1 1 1 1 1 1 1 1
 1 1 1 1 1 1 1 1 1 1
 1 1 1 1 1 1 1 1 1 1
 1 1 1 1 1 1 1 1 1 1
 1 1 1 1 1 1 1 1 1 1
 1 1 1 1 1 1 1 1 1 1
 1 1 1 1 1 1 1 1 1 1
 1 1 1 1 1 1 1 1 1 1
 1 1 1 1 1 1 1 1 1 1
 1 1 1 1 1 1 1 1 1 1
 1 1 1 1 1 1 1 1 1 1
 1 1 1 1 1 1 1 1 1 1
 1 1 1 1 1 1 1 1 1 1
 1 1 1 1 1 1 1 1 1 1
 1 1 1 1 1 1 1 1 1 1
 1 1 1 1 1 1 1 1 1 1
 1 1 1 1 1 1 1 1 1 1
 1 1 1 1 1 1 1 1 1 1
 1 1 1 1 1 1 1 1 1 1
 1 1 1 1 1 1 1 1 1 1
 1 1 1 1 1 1 1 1 1 1
 1 1 1 1 1 1 1 1 1 1
 1 1 1 1 1 1 1 1 1 1
 1 1 1 1 1 1 1 1 1 1
 1 1 1 1 1 1 1 1 1 1
 1 1 1 1 1 1 1 1 1 1
 1 1 1 1 1 1 1 1 1 1
 1 1 1 1 1 1 1 1 1 1
 1 1 1 1 1 1 1 1 1 1
 1 1 1 1 1 1 1 1 1 1
 1 1 1 1 1 1 1 1 1 1
 1 1 1 1 1 1 1 1 1 1
 1 1 1 1 1 1 1 1 1 1
 1 1 1 1 1 1 1 1 1 1
 1 1 1 1 1 1 1 1 1 1
 1 1 1 1 1 1 1 1 1 1
 1 1 1 1 1 1 1 1 1 1
 1 1 1 1 1 1 1 1 1 1
 1 1 1 1 1 1 1 1 1 1
 1 1 1 1 1 1 1 1 1 1
 1 1 1 1 1 1 1 1 1 1
 1 1 1 1 1 1 1 1 1 1
 1 1 1 1 1 1 1 1 1 1
 1 1 1 1 1 1 1 1 1 1
 1 1 1 1 1 1 1 1 1 1
 1 1 1 1 1 1 1 1 1 1
 1 1 1 1 1 1 1 1 1 1
 1 1 1 1 1 1 1 1 1 1
 1 1 1 1 1 1 1 1 1 1
 1 1 1 1 1 1 1 1 1 1
 1 1 1 1 1 1 1 1 1 1
 1 1 1 1 1 1 1 1 1 1
 1 1 1 1 1 1 1 1 1 1
 1 1 1 1 1 1 1 1 1 1
 1 1 1 1 1 1 1 1 1 1
 1 1 1 1 1 1 1 1 1 1 1 1 1 1 1 1 1 1 1 1 1 1 1 1 1 1 1 1 1 1 1 1 1 1 1 1 1 1 1 1 1 1 1 1 1 1 1 1 1 1 1 1 1 1 1 1 1 1 1 1 1 1 1 1 1 1 1 1 1 1 1 1 1 1 1 1 1 1 1 1 1 1 1 1 1 1 1 1 1 1 1 1 1 1 1 1 1 1 1 1 1 1 1 1 1 1 1 1 1 1 1 1 1 1 1 1 1 1 1 1 1 1 1 1 1 1 1 1 1 1 1 1 1 1 1 1 1 1 1 1 1 1 1 1
